70
21 30 24 14 45 84 66 47 43 57 63 72 47 100 100 44 47 9 96 88 85 83 79 59 71 55 33 21 61 77 35 30 22 93 61 59 56 3 64 21 48 32 13 74 52 95 55 27 19 55 17 64 92 58 46 79 47 23 98 67 68 85 84 55 34 52 88 99 2 83 
54 25 10 28 45 70 60 41 41 76 79 99 13 79 41 46 86 61 18 55 67 51 55 31 48 2 24 33 42 91 85 93 23 59 48 21 4 30 33 56 99 89 12 1 31 26 18 38 8 34 73 75 80 79 24 50 88 97 32 95 54 88 6 7 8 81 51 18 1 3 
47 67 84 24 3 31 25 69 72 31 8 55 77 72 96 33 34 88 83 96 35 72 39 66 59 47 69 76 31 51 91 71 44 48 37 7 71 91 92 65 23 61 49 95 45 95 67 95 60 61 9 49 13 34 90 17 80 25 47 73 85 33 27 23 59 55 34 63 95 6 
4 70 24 92 72 21 11 46 1 78 12 59 70 44 78 21 6 26 7 43 10 86 67 37 90 18 83 41 51 20 43 78 6 50 11 19 22 87 44 66 26 44 16 58 13 16 2 62 74 17 25 37 92 37 98 98 18 68 2 94 17 83 51 40 61 45 83 49 8 13 
89 88 30 71 48 79 44 66 53 15 41 39 53 14 45 67 28 67 65 59 10 70 41 30 47 86 3 43 82 35 67 63 43 50 41 92 43 14 85 19 89 2 11 59 66 91 78 73 37 15 77 13 95 27 28 3 38 18 17 89 88 38 15 41 1 32 11 46 2 82 
39 36 85 75 33 42 97 67 4 92 64 86 90 17 68 66 78 47 88 4 87 55 95 71 10 80 21 48 93 36 65 79 25 63 37 3 38 88 85 87 33 98 73 29 84 28 90 55 97 59 95 25 88 87 3 69 32 17 29 66 22 49 99 52 84 21 50 26 68 5 
62 93 73 25 43 41 79 90 96 97 57 18 21 55 66 27 19 3 45 87 41 85 37 34 99 50 92 16 17 87 19 94 82 24 68 49 25 75 96 78 52 93 12 42 8 47 69 92 41 49 60 44 82 50 42 50 19 74 91 68 20 7 19 94 59 49 84 77 86 57 
90 53 96 3 46 95 85 90 28 72 18 43 18 28 73 75 81 28 69 70 86 52 42 65 100 44 47 61 22 20 23 68 36 27 1 82 99 42 60 95 29 84 45 76 84 54 78 17 21 75 29 46 29 87 73 87 10 92 72 89 56 21 11 73 3 81 37 86 88 37 
80 46 6 51 22 16 15 34 50 26 54 24 3 27 10 60 92 38 37 3 29 56 79 55 77 88 42 33 64 68 32 5 98 71 82 58 63 91 38 88 4 78 55 57 84 18 13 58 74 71 31 59 97 42 24 70 61 34 63 73 19 25 92 45 93 77 87 64 8 55 
95 46 95 89 10 15 60 86 49 70 17 59 42 74 74 56 46 22 91 70 71 98 56 42 14 80 61 4 40 3 65 42 43 37 24 59 31 33 16 73 27 85 91 72 86 14 19 5 85 75 21 26 63 25 61 15 77 90 98 71 72 1 4 9 89 16 89 88 67 63 
84 49 47 67 91 47 68 63 71 57 96 38 31 20 42 95 69 84 92 25 89 65 68 42 54 83 12 25 18 38 20 50 97 67 79 89 17 44 12 99 67 88 64 35 11 60 17 91 64 67 12 3 55 38 54 21 70 10 53 75 23 59 1 99 37 64 27 63 22 32 
73 88 97 57 9 55 18 88 19 37 38 38 86 38 15 72 57 7 52 25 25 56 13 7 97 56 70 77 49 49 20 30 89 71 58 51 48 96 85 5 9 28 44 7 55 46 6 96 82 2 29 85 52 24 41 25 31 92 2 29 33 80 21 40 5 95 91 64 19 47 
2 34 24 100 95 7 60 60 67 65 51 73 82 71 5 88 9 15 89 89 74 61 54 79 34 66 84 1 65 92 42 19 13 76 71 59 9 50 34 72 53 86 58 88 11 23 7 55 42 76 54 63 7 99 89 76 41 29 2 52 36 66 74 48 42 93 35 38 29 9 
42 32 10 54 49 92 30 64 45 38 19 46 14 74 69 72 52 2 39 27 78 58 83 25 9 6 74 8 42 79 40 54 35 34 52 61 65 87 57 82 38 88 82 90 24 2 52 17 33 41 84 34 19 80 71 83 55 1 48 48 84 86 48 30 48 39 19 73 85 79 
27 75 83 84 90 82 23 37 87 79 93 20 100 78 1 83 81 28 7 61 7 98 7 48 93 47 85 2 51 82 7 29 7 70 30 31 41 90 31 81 17 76 39 36 59 23 29 94 53 61 99 100 41 86 89 63 22 41 41 2 67 54 33 83 77 48 61 92 66 43 
26 66 39 60 46 63 3 30 3 46 2 74 19 66 91 35 62 48 81 75 7 59 6 10 26 13 75 25 90 52 63 2 33 15 52 57 91 29 19 99 93 57 86 6 2 94 74 10 54 38 98 21 19 96 20 78 22 70 66 20 87 70 31 53 17 84 81 98 28 57 
96 75 22 16 74 100 64 76 87 25 76 70 96 22 89 73 40 22 38 74 87 46 66 40 97 42 10 62 78 84 2 57 34 71 33 89 87 36 57 51 64 47 79 43 26 46 42 7 6 42 5 2 59 68 44 92 45 7 94 32 100 11 33 71 57 84 18 27 14 68 
98 62 45 22 73 58 52 32 89 1 24 23 76 5 86 47 2 74 28 49 10 51 2 8 47 15 53 55 62 42 24 40 18 6 18 6 68 63 69 88 10 84 88 29 31 44 51 56 27 76 66 35 61 55 79 16 99 90 67 20 72 93 23 21 11 94 13 1 78 26 
8 12 82 36 18 25 87 32 46 36 74 62 93 92 19 78 79 32 72 30 75 24 33 47 76 24 24 91 5 65 34 51 22 73 22 71 37 59 89 35 52 41 9 86 62 87 64 76 86 75 51 94 97 13 10 10 86 89 41 95 68 65 44 91 36 69 75 47 94 87 
7 1 40 37 20 18 47 77 1 3 2 89 81 95 80 67 36 80 52 34 56 44 72 31 58 98 60 19 89 74 85 63 33 77 7 24 24 8 32 95 72 22 38 74 25 95 51 81 43 69 38 94 62 49 14 22 99 90 57 96 52 92 25 95 95 65 84 95 47 95 
12 93 66 77 29 27 89 99 82 72 31 59 35 54 23 26 81 38 35 2 3 44 49 93 38 25 25 61 47 41 81 22 6 6 7 25 95 87 78 4 46 87 34 7 40 11 51 51 79 22 97 67 96 54 9 69 17 94 6 4 29 67 27 66 44 21 78 18 86 49 
80 92 50 31 20 2 3 69 25 39 89 97 61 32 46 4 98 85 57 10 20 77 71 57 87 15 46 39 20 71 10 27 53 76 54 99 56 82 53 79 10 36 61 16 73 52 56 83 88 23 55 24 11 78 39 6 58 58 38 20 91 97 65 90 30 98 80 70 17 73 
42 97 69 73 13 46 58 19 65 7 99 45 27 81 26 21 68 79 98 76 72 39 47 56 81 53 12 61 42 46 7 3 9 87 68 92 58 23 86 87 93 46 98 47 95 69 53 12 97 53 6 20 76 30 36 74 63 1 6 17 38 4 91 62 16 90 51 9 49 88 
33 48 52 20 4 32 62 61 72 94 74 21 57 4 51 2 17 34 55 78 84 63 81 33 56 87 94 36 41 60 74 66 69 29 78 43 68 21 86 12 71 27 11 94 11 68 52 8 82 53 26 19 37 3 64 36 27 5 4 74 10 39 3 25 62 52 58 54 15 89 
92 94 38 61 87 59 44 84 90 48 13 38 66 35 48 97 78 49 25 43 49 98 73 38 80 18 73 40 83 13 87 74 20 68 66 77 61 36 76 20 56 26 46 8 65 87 43 21 69 5 27 5 57 8 92 18 19 69 84 48 31 24 25 61 75 66 26 90 55 32 
20 38 31 46 81 6 72 73 94 34 79 2 67 72 61 47 14 59 78 97 18 16 57 57 74 3 16 93 40 78 55 97 13 8 10 18 16 2 95 71 47 49 97 87 25 40 11 33 64 45 65 20 33 49 48 12 80 67 38 52 63 56 55 58 35 40 35 76 27 50 
40 69 99 100 40 80 38 82 75 11 50 94 69 15 74 48 92 63 52 48 76 47 96 13 30 51 34 6 5 38 79 24 57 31 44 62 22 53 1 36 18 45 56 47 50 34 35 68 18 96 59 99 3 95 91 50 43 74 40 64 60 70 73 40 98 58 26 10 56 15 
87 5 72 92 37 87 81 12 23 55 8 7 57 64 72 93 10 40 29 35 10 100 80 41 64 53 80 60 92 39 88 52 11 60 71 19 77 25 11 95 83 39 93 94 62 84 75 88 67 54 43 93 21 88 60 36 66 12 43 22 83 78 27 96 43 14 16 100 78 35 
88 61 43 99 83 61 47 57 32 68 29 19 37 98 77 10 36 38 27 11 76 85 20 67 85 2 90 82 83 49 53 58 32 53 60 83 32 91 42 95 90 59 95 78 18 93 45 83 34 45 35 23 75 72 28 69 19 17 27 67 57 34 67 52 67 41 12 32 58 30 
46 86 80 35 78 99 45 1 27 39 13 55 62 8 2 23 29 29 86 100 55 35 92 84 25 80 80 66 53 75 46 43 81 75 66 91 52 90 21 78 9 81 69 93 89 16 40 13 29 40 38 48 23 67 85 16 46 98 32 93 98 47 9 92 81 45 48 51 93 53 
40 52 75 6 56 91 54 55 55 73 7 60 40 9 51 98 58 12 30 47 72 15 20 27 67 39 7 92 86 30 31 62 12 50 80 44 95 20 69 51 25 71 70 87 43 27 51 94 5 28 9 24 49 5 30 33 62 100 64 27 97 58 41 18 13 75 43 32 66 65 
8 80 93 10 51 2 19 16 76 53 65 19 50 15 98 13 3 59 85 38 55 67 28 31 12 80 51 5 51 80 18 47 4 86 64 50 36 10 21 20 33 9 10 92 61 38 30 59 48 92 20 5 14 4 14 93 22 9 36 22 4 45 39 73 60 11 62 55 32 96 
27 44 58 77 12 87 65 1 98 83 58 59 65 87 46 21 36 77 9 81 58 7 84 15 93 49 89 35 7 7 58 86 18 1 31 80 55 71 24 25 44 13 97 2 83 64 91 78 14 37 37 89 21 83 24 64 68 11 92 6 93 67 100 79 55 57 88 60 88 46 
79 68 92 72 28 94 100 53 50 39 34 65 33 61 30 49 19 27 80 67 23 13 20 64 25 78 68 13 72 53 22 67 45 40 5 44 32 43 12 17 51 67 35 49 12 57 44 66 58 66 93 44 9 10 54 69 52 31 21 65 40 79 24 98 86 55 34 18 93 41 
92 27 17 79 67 24 67 42 12 19 36 45 52 78 43 38 94 100 99 93 27 65 88 6 7 75 53 53 82 36 6 18 13 27 59 2 98 57 44 15 33 26 88 24 100 30 68 61 44 92 98 23 93 62 97 75 9 63 31 5 81 14 21 88 56 79 94 92 62 10 
88 12 71 92 85 43 59 5 71 44 83 52 80 17 78 56 4 69 42 16 10 100 24 9 86 48 81 66 71 12 8 72 21 81 53 76 17 16 55 78 17 63 34 62 96 47 82 70 30 39 35 4 2 46 82 66 34 16 53 60 72 85 28 17 18 37 39 68 16 37 
96 96 1 2 12 2 44 90 48 29 11 66 81 100 65 83 55 26 42 10 41 61 27 90 11 60 70 41 75 1 3 84 38 97 4 81 62 55 82 38 56 54 23 20 42 26 40 55 19 55 36 85 56 32 5 25 46 25 93 7 37 18 9 63 16 67 79 41 89 63 
22 75 16 69 60 14 49 31 49 64 40 77 74 59 56 39 49 50 39 57 98 2 45 72 73 22 83 4 39 78 63 2 86 21 86 25 20 99 80 68 81 62 58 34 88 93 96 71 20 57 72 36 40 38 48 35 75 12 18 27 87 62 54 12 78 90 23 85 64 43 
64 86 77 15 46 78 37 44 48 13 79 94 85 38 12 96 90 76 30 97 33 100 76 87 76 45 58 28 39 52 86 67 26 87 89 62 32 95 30 31 71 68 89 47 26 52 12 65 59 41 45 97 81 75 82 84 17 60 17 63 93 63 57 50 70 37 52 71 72 46 
58 95 10 62 9 45 37 14 62 85 5 89 84 9 22 9 9 48 7 46 83 64 37 4 78 55 12 42 45 100 28 36 84 59 28 18 16 85 93 23 65 10 9 80 100 49 27 35 34 12 55 33 88 91 33 78 13 39 98 20 25 39 85 79 1 25 53 95 75 79 
52 83 63 49 64 22 24 87 10 52 75 8 17 78 72 63 46 31 67 13 56 68 49 42 13 27 46 45 43 18 60 36 11 94 61 28 87 59 79 38 34 60 2 74 25 19 88 88 43 5 78 32 7 29 28 66 68 26 99 38 38 73 5 92 2 3 15 45 6 7 
93 14 2 51 15 74 22 60 64 80 35 26 77 79 2 30 21 30 52 5 85 25 98 63 60 44 93 29 33 57 35 77 38 61 30 62 59 27 26 7 81 59 90 42 37 60 12 77 16 50 59 5 62 94 73 69 16 41 80 85 93 19 32 100 36 54 30 75 6 8 
77 70 93 81 76 86 85 29 93 61 12 8 2 19 12 55 46 37 36 11 82 40 51 31 11 66 53 66 76 93 21 40 80 55 99 23 84 62 98 30 83 12 91 40 26 83 77 54 15 50 31 77 83 13 60 97 38 25 84 17 46 69 47 88 5 37 38 4 56 56 
43 75 50 36 21 37 89 64 100 94 71 65 5 61 9 89 95 84 38 60 28 96 100 40 55 82 55 69 36 78 34 8 41 70 42 74 80 84 7 100 47 16 56 91 90 58 12 10 14 94 6 59 65 44 4 59 75 57 6 12 64 10 85 57 2 94 22 17 54 84 
78 42 24 83 28 15 91 82 81 78 16 61 23 32 69 63 32 11 60 6 48 45 12 16 28 50 100 8 29 20 27 50 94 10 70 43 89 16 4 75 83 20 69 18 53 42 29 49 29 44 63 26 90 35 72 1 44 26 43 30 37 19 67 75 54 82 20 94 71 22 
22 28 18 71 18 36 9 13 25 56 14 85 34 43 35 6 74 59 40 3 53 73 18 40 76 98 3 14 94 10 57 12 10 82 2 54 39 82 70 25 80 66 16 3 35 2 47 65 16 58 81 70 89 26 86 38 53 86 78 45 7 36 79 23 68 71 1 78 71 50 
8 4 3 23 50 50 43 47 14 32 21 73 8 26 97 93 58 54 70 26 51 75 93 48 19 42 77 6 17 46 80 98 3 49 53 35 53 89 42 55 9 49 7 90 19 23 4 7 46 97 42 82 33 94 10 38 10 8 55 50 63 60 44 67 75 74 47 71 82 60 
96 100 71 38 94 45 14 14 87 61 80 83 45 1 22 39 39 4 16 100 81 39 12 70 94 20 96 38 11 46 20 77 14 83 89 7 88 87 24 24 1 88 54 25 36 55 66 89 71 52 27 72 18 96 52 70 59 33 74 57 17 24 46 5 12 30 5 28 59 5 
22 99 53 50 70 23 17 58 16 17 60 65 42 13 79 52 35 13 51 37 48 12 99 60 22 48 96 28 51 90 43 41 51 41 36 41 61 36 50 52 7 33 86 13 56 37 73 56 95 98 80 96 23 52 8 97 14 90 24 16 12 63 61 8 83 63 33 8 70 70 
97 89 23 27 49 48 18 39 96 84 4 86 12 42 53 41 89 11 48 1 28 39 7 18 42 25 5 49 9 90 19 18 39 26 4 96 22 45 35 79 21 94 3 57 55 16 40 85 69 94 56 13 98 15 31 4 35 2 12 100 50 82 24 38 5 22 36 11 31 54 
4 42 3 47 81 47 80 51 77 44 12 73 76 54 95 47 24 66 83 19 50 9 13 74 38 47 55 86 22 14 96 16 31 10 62 16 35 100 35 51 19 76 65 35 41 35 51 26 75 81 78 64 46 5 41 83 93 27 12 47 59 50 47 27 50 8 22 29 35 32 
70 75 90 29 55 36 32 73 29 12 38 89 49 11 6 44 64 81 55 1 95 19 77 68 30 31 52 44 17 77 54 46 10 83 15 5 56 40 42 22 8 47 81 86 6 37 33 48 17 40 70 38 11 3 66 23 67 10 62 77 28 78 49 20 77 17 77 50 73 32 
90 7 73 20 33 43 27 100 10 32 67 10 12 94 25 91 64 13 62 13 14 8 75 2 57 56 47 28 91 68 51 19 26 53 18 14 64 99 86 64 81 37 12 14 18 80 95 20 31 85 28 90 94 96 84 73 37 58 53 5 95 13 70 72 2 53 48 94 87 33 
71 90 11 9 17 91 47 96 73 27 30 85 8 2 82 83 2 59 5 86 58 23 52 3 5 15 22 63 64 85 71 40 58 99 74 17 7 88 5 69 14 84 81 30 20 4 88 4 8 18 38 58 64 56 46 78 31 13 83 59 36 4 62 4 10 87 76 56 76 81 
84 75 40 48 70 3 52 58 42 88 5 53 26 98 3 51 35 13 41 56 51 88 46 35 33 65 83 47 42 29 17 56 28 68 29 93 78 31 78 47 92 67 73 95 93 59 13 90 98 48 5 46 54 67 15 21 59 87 89 39 78 74 99 11 45 43 49 33 70 95 
27 3 68 49 58 88 55 53 16 66 57 23 74 38 41 78 32 20 55 24 71 23 75 1 90 74 24 64 1 37 6 75 22 32 87 76 56 54 69 61 83 23 35 87 53 97 65 77 81 88 43 79 56 54 78 60 98 87 30 80 26 71 66 2 76 78 100 22 42 28 
96 85 39 7 19 41 88 68 93 75 80 88 29 86 96 59 88 17 66 32 14 32 89 47 3 81 48 72 95 38 47 20 4 8 15 64 20 89 74 35 5 93 42 13 60 55 57 72 35 70 98 66 9 52 88 59 5 12 76 9 97 94 86 48 40 83 45 70 27 84 
91 54 45 92 27 91 84 86 75 84 38 3 76 11 47 60 14 81 78 66 13 26 75 7 60 42 36 76 92 56 28 46 13 17 84 89 43 16 17 92 91 92 46 67 58 15 15 15 100 92 42 62 64 92 85 69 29 70 1 76 83 89 45 24 9 95 52 88 8 51 
44 27 43 51 75 87 38 59 30 13 46 38 82 56 79 79 76 91 5 11 90 6 47 81 70 96 75 89 52 10 64 71 38 98 1 24 33 28 54 62 44 53 13 27 22 99 56 56 9 51 75 9 83 40 3 16 47 7 20 54 58 50 48 54 11 32 38 48 49 17 
53 25 54 54 41 74 89 80 39 85 97 41 63 15 96 67 67 49 50 86 16 98 82 55 48 85 93 89 8 33 39 10 81 36 1 83 75 60 17 60 43 86 55 72 70 60 41 89 74 56 3 12 54 78 20 65 80 7 30 52 27 31 66 35 73 47 82 18 100 2 
29 28 49 73 15 83 65 93 93 80 61 31 10 29 67 61 48 68 43 6 22 99 57 82 98 21 22 38 96 92 49 98 35 47 67 83 86 44 9 50 71 59 59 67 76 87 24 96 2 48 55 30 60 63 50 67 42 49 11 93 41 32 41 17 95 12 11 49 93 78 
76 47 34 43 79 3 12 95 82 71 86 95 36 98 85 84 50 7 78 18 19 2 47 21 34 43 74 47 80 79 86 67 29 6 63 28 75 54 88 58 52 18 93 28 7 34 48 92 3 92 52 95 2 55 57 50 88 2 66 20 74 70 10 68 77 84 33 32 82 72 
56 26 76 27 79 77 30 40 50 24 72 16 43 44 24 45 8 25 68 88 80 19 40 45 99 70 34 43 24 54 69 75 86 68 23 12 91 30 87 91 51 89 74 44 52 89 24 81 14 5 79 16 95 36 92 75 55 80 88 60 90 63 38 51 99 79 17 43 22 100 
44 60 24 34 26 69 50 95 11 57 96 64 78 90 92 88 89 37 3 14 99 78 47 78 6 59 46 21 24 32 62 9 17 57 15 19 7 99 29 76 1 98 98 27 11 20 17 48 36 9 33 77 39 48 50 21 46 17 29 27 66 34 11 47 11 47 83 85 64 96 
98 12 5 30 35 22 91 92 42 27 20 69 35 98 7 25 99 55 70 36 15 56 60 12 2 22 94 55 94 20 92 27 100 89 58 46 9 75 5 96 18 2 28 31 30 15 83 30 45 83 15 4 95 13 75 61 72 95 21 47 53 31 55 35 35 14 12 15 61 80 
45 98 88 18 11 21 7 31 88 74 82 74 29 80 4 33 24 1 5 22 58 97 72 70 84 4 29 20 11 79 57 90 26 70 21 26 54 11 35 39 48 34 71 66 85 34 42 69 56 74 41 34 33 62 44 34 33 3 91 57 91 69 24 96 16 71 46 78 37 90 
25 86 38 99 90 97 9 87 64 34 97 37 19 57 59 87 86 63 22 98 95 6 14 61 11 90 77 12 53 70 35 4 57 46 2 17 51 82 9 3 30 20 35 14 27 42 8 53 76 11 54 62 56 73 77 90 87 43 8 81 91 6 44 9 27 52 85 67 97 4 
29 93 76 16 20 89 98 72 33 8 8 69 26 56 83 47 29 100 14 34 83 25 64 89 86 77 78 97 93 33 65 34 97 24 77 29 56 72 41 89 89 20 89 67 9 5 10 38 50 61 67 42 87 53 52 22 90 38 26 26 37 72 56 77 54 2 85 18 4 20 
9 30 31 34 41 40 61 31 87 83 72 90 52 70 42 76 3 35 100 59 52 54 34 54 54 50 12 16 12 2 63 22 71 79 72 14 36 32 10 57 83 90 50 23 79 45 96 2 34 47 78 33 50 94 54 40 8 97 64 52 15 77 90 30 47 86 21 56 26 26 
70 89 82 52 76 44 94 1 100 33 41 9 18 66 40 19 36 14 31 22 59 82 54 81 54 80 76 2 5 34 78 32 39 76 93 7 100 86 8 70 60 39 67 47 95 98 75 87 85 16 26 81 23 86 65 80 14 57 84 27 48 36 38 9 8 54 46 82 78 8 

4 65 55 26 27 15 31 43 98 51 47 4 23 59 51 69 8 95 20 36 96 55 99 25 66 52 3 88 55 97 24 32 9 55 26 28 65 16 100 95 88 34 33 65 93 57 5 14 54 68 88 2 2 77 77 83 34 94 24 67 82 93 49 51 24 78 93 53 75 56 
17 24 95 82 33 62 20 37 62 18 2 86 46 46 32 17 58 81 43 35 73 87 47 30 1 96 94 41 8 4 12 64 28 95 18 77 97 16 66 39 4 95 83 60 89 32 39 68 4 85 3 8 90 13 93 25 94 16 36 66 11 47 39 25 69 99 44 85 90 7 
59 2 1 54 60 54 68 37 8 2 30 34 40 64 83 3 69 40 8 77 10 55 8 14 39 1 22 83 61 67 78 21 94 83 87 39 64 76 7 9 68 17 14 25 9 59 82 94 8 77 55 64 17 31 13 79 81 97 55 10 100 65 5 82 10 82 50 27 85 56 
83 63 19 68 62 31 55 15 49 77 20 5 29 86 97 1 11 61 59 60 73 56 12 35 68 57 73 67 42 74 14 85 3 28 38 16 87 15 1 77 94 80 63 18 84 94 15 33 48 24 45 100 11 80 15 16 20 53 60 32 59 1 48 9 53 53 41 21 57 13 
6 60 53 63 53 92 25 48 73 47 21 41 38 91 23 67 16 98 43 13 60 31 57 80 22 2 74 19 74 24 64 84 32 34 81 25 99 65 27 79 54 76 17 71 28 77 71 75 40 94 63 50 13 54 32 97 76 100 9 74 86 24 65 55 92 32 93 26 57 77 
45 60 54 37 85 95 29 18 38 73 75 100 19 41 60 88 32 70 78 37 40 71 71 35 49 92 54 96 33 18 29 22 41 1 76 60 76 75 9 26 77 37 91 15 16 69 20 16 30 59 17 25 54 40 69 74 59 60 7 69 65 7 48 64 92 88 10 85 22 53 
74 60 38 38 14 92 46 85 46 26 94 64 64 20 47 10 19 17 86 36 54 71 21 79 73 64 55 33 34 17 62 71 84 82 33 34 1 78 4 18 99 70 81 12 94 28 21 19 48 94 27 86 77 97 72 84 3 4 10 72 34 66 85 14 8 99 3 91 8 31 
74 2 100 30 92 68 84 53 59 39 4 8 61 38 93 88 66 90 44 34 21 55 5 4 69 95 9 61 75 44 24 66 87 34 93 70 41 79 24 94 45 85 97 88 22 42 89 77 72 6 91 5 31 78 99 78 41 82 24 97 56 46 89 73 27 75 10 20 74 3 
97 75 25 79 62 39 7 20 88 24 75 63 22 64 51 3 63 5 88 81 91 80 11 35 46 73 94 19 34 53 41 70 48 85 18 36 66 38 25 72 48 81 16 52 56 60 18 80 2 3 41 11 96 37 32 98 1 79 14 55 91 81 11 25 99 23 54 9 50 44 
20 40 27 45 96 91 61 54 40 96 94 80 1 39 83 65 21 84 78 95 95 31 40 82 36 34 66 35 25 97 17 93 38 20 54 78 3 11 16 84 75 39 83 90 33 52 10 63 6 20 90 66 8 85 96 37 88 88 70 71 44 50 59 35 29 34 96 61 97 68 
15 83 55 6 16 20 6 72 45 65 77 18 8 13 44 71 27 39 50 11 89 48 99 22 6 27 63 8 34 8 39 67 86 51 13 22 41 6 38 2 92 76 93 95 76 74 65 74 78 42 81 88 54 56 34 25 14 31 76 34 11 47 20 15 70 64 100 87 71 41 
5 32 16 68 94 18 82 19 98 62 86 39 77 35 93 63 44 54 21 57 23 31 9 57 83 72 67 23 30 81 29 21 24 68 49 14 81 55 33 51 84 46 63 93 91 86 30 44 53 25 67 54 76 52 4 96 52 76 17 33 46 32 78 91 35 15 67 2 42 7 
43 73 39 4 71 40 13 84 70 70 21 66 80 13 14 41 83 21 12 13 55 16 18 97 95 77 38 55 67 86 50 95 37 71 11 36 65 94 70 28 55 95 17 48 1 95 18 29 65 79 75 56 63 76 20 67 6 3 16 61 67 79 53 31 46 33 90 80 20 59 
18 68 14 39 63 35 31 49 78 23 27 25 44 76 67 66 41 61 81 27 20 41 35 34 37 11 82 7 84 79 35 48 35 93 31 58 12 8 7 21 14 67 10 90 87 47 55 71 82 73 21 98 67 30 39 8 85 98 8 87 45 82 74 14 8 52 57 51 41 99 
91 92 93 12 24 26 3 9 75 40 99 99 39 29 60 84 5 69 29 95 93 38 30 8 58 94 77 24 6 63 55 92 33 84 43 95 93 22 53 73 13 52 80 84 81 20 30 19 45 2 89 32 40 47 11 8 25 48 30 41 82 70 9 97 38 52 13 33 35 3 
13 59 99 66 24 18 89 40 52 10 6 6 73 19 93 77 52 75 97 79 34 38 83 3 84 62 91 70 42 66 44 21 62 21 17 43 2 3 80 34 42 75 19 3 66 64 55 64 98 30 7 2 64 98 77 76 19 29 85 24 48 30 47 59 38 9 71 35 10 29 
47 22 9 63 7 65 43 84 53 64 5 37 85 22 4 90 90 41 85 16 81 6 17 7 49 100 74 65 67 50 4 69 60 74 18 78 80 94 9 14 31 34 3 6 71 63 95 33 37 43 93 6 61 57 91 15 39 67 19 44 29 73 49 72 18 45 10 58 93 69 
63 1 6 37 91 73 21 14 31 71 48 85 24 14 97 46 98 2 87 33 45 7 47 81 73 44 42 37 96 3 3 66 40 91 19 98 38 45 4 88 7 19 96 35 47 32 28 93 72 97 41 39 33 16 12 76 91 74 79 92 17 19 53 4 25 46 73 52 97 2 
26 64 99 52 4 77 99 9 37 40 44 8 91 49 63 72 76 47 93 17 5 57 7 78 70 73 91 52 46 14 54 84 66 93 65 82 73 95 64 12 11 64 68 84 58 44 7 59 88 80 96 23 55 64 34 34 9 79 9 70 46 76 74 37 24 71 49 81 20 75 
28 53 35 31 77 83 26 32 9 32 24 60 57 58 66 92 18 84 51 80 33 75 61 87 18 41 39 36 68 84 70 41 40 37 78 80 21 24 98 1 91 69 92 29 25 47 96 11 95 74 44 39 45 83 23 1 1 78 69 61 58 94 53 90 88 78 52 69 41 58 
27 88 36 93 61 66 85 5 15 31 32 48 80 44 56 8 33 59 30 77 64 23 48 65 32 12 74 30 84 2 20 54 81 69 27 33 13 76 76 42 79 45 74 59 38 29 19 100 7 82 27 12 31 36 17 57 72 94 27 27 31 43 91 97 74 75 86 72 79 73 
19 35 68 47 63 91 17 89 92 30 80 16 46 78 37 10 29 14 10 1 57 44 38 2 66 59 24 64 99 68 18 3 3 67 70 84 90 28 62 83 56 78 4 81 4 2 55 69 18 76 8 93 83 80 35 35 59 97 80 42 25 66 50 84 47 42 65 8 12 60 
45 12 55 17 3 10 1 61 28 97 32 91 7 92 45 83 4 88 64 60 60 13 90 75 94 8 62 45 68 62 57 40 19 22 62 67 64 97 82 16 75 65 57 91 11 85 4 85 72 80 30 89 56 45 74 80 66 13 9 94 89 83 5 98 30 33 45 13 68 96 
73 31 63 100 38 71 57 93 50 14 25 66 69 37 39 70 79 26 13 52 12 41 51 89 23 75 72 58 48 95 19 97 68 19 13 62 41 78 28 71 60 97 43 77 25 66 31 69 37 80 56 25 9 29 39 45 51 98 27 33 16 76 88 82 15 50 87 8 4 74 
59 37 10 26 44 24 54 33 59 44 8 69 98 59 90 10 48 32 30 19 96 14 61 5 52 86 66 62 11 66 27 1 94 42 38 45 73 90 36 86 78 63 75 74 51 45 90 6 31 39 11 2 85 27 80 13 64 5 95 41 53 92 55 17 100 79 46 27 98 24 
43 27 79 23 80 32 17 9 61 2 66 30 97 27 75 14 82 43 42 90 42 31 84 54 24 42 59 56 33 85 82 100 26 5 19 10 89 41 62 49 43 2 36 40 26 40 49 82 68 83 46 50 88 3 3 21 37 65 59 25 50 37 82 57 41 8 23 10 100 49 
99 28 70 79 77 89 46 20 30 8 87 2 83 28 78 28 82 33 90 97 22 84 29 29 26 8 49 58 63 13 81 98 43 48 68 64 65 83 25 46 49 38 4 93 70 22 52 25 89 55 93 6 16 64 29 9 70 92 58 68 86 93 86 49 20 62 70 54 40 77 
76 74 89 28 67 54 28 1 55 93 74 95 42 77 15 52 89 17 94 40 85 11 78 14 55 37 5 83 16 59 51 88 11 99 2 51 87 74 75 54 59 16 36 14 22 27 84 79 21 91 13 30 92 7 59 19 42 80 36 45 48 60 23 7 14 92 90 34 22 75 
7 94 8 90 88 49 41 67 46 66 13 49 6 47 49 39 30 69 69 46 20 70 31 24 35 68 42 11 95 6 48 40 85 76 25 90 96 28 66 15 54 36 20 59 79 33 24 85 29 19 33 81 38 25 46 33 4 37 19 81 14 92 96 33 14 44 1 96 52 26 
1 99 57 73 60 41 28 54 75 61 53 9 74 18 29 18 28 15 41 5 77 21 34 33 8 54 58 78 69 78 94 91 78 74 37 97 28 4 63 44 45 75 43 6 73 63 69 97 9 26 93 85 48 57 6 20 14 59 56 23 82 20 10 15 94 92 36 58 70 68 
42 90 59 65 32 53 24 95 5 2 66 65 92 2 93 42 79 56 96 72 18 8 14 54 8 15 28 97 69 1 96 99 46 6 58 73 34 32 1 21 15 30 72 65 3 89 3 70 97 23 42 50 4 75 22 56 50 69 96 46 33 97 27 35 56 90 95 86 78 46 
49 59 69 3 84 48 47 58 95 69 23 20 68 99 91 100 91 26 6 26 56 70 89 48 41 56 28 43 92 33 94 35 15 77 91 74 1 8 3 40 75 80 53 96 22 96 67 36 77 53 41 97 46 19 13 56 93 39 42 25 79 18 61 95 95 18 11 83 91 95 
7 46 53 65 19 36 70 36 53 16 79 28 58 86 39 15 16 94 87 64 1 96 84 17 23 49 78 42 11 28 55 70 35 82 88 40 30 55 43 90 58 53 44 38 77 12 42 72 29 59 61 30 57 41 51 40 31 38 61 50 66 60 47 31 3 79 62 18 8 97 
92 64 47 3 92 91 84 12 66 49 48 54 17 43 45 58 17 51 56 54 12 22 78 58 82 43 22 76 21 57 3 75 19 77 50 60 13 97 62 80 64 34 16 25 66 62 20 32 84 39 37 74 61 26 43 24 99 58 27 4 95 65 42 96 62 67 72 57 58 5 
18 37 66 39 77 92 96 72 61 45 69 91 78 33 21 52 47 38 59 52 83 7 7 65 73 81 15 59 44 47 84 78 11 79 37 40 79 35 28 33 99 49 75 66 35 10 33 70 99 57 74 76 62 6 29 4 45 42 97 88 72 71 92 17 91 31 49 87 15 10 
30 56 69 77 68 84 73 44 19 51 69 31 48 34 16 8 91 16 94 68 33 64 85 81 31 2 11 18 24 7 76 8 88 17 13 23 61 28 62 62 7 85 7 12 2 21 84 100 86 67 95 53 74 81 95 75 94 25 82 10 91 93 3 41 28 12 30 63 52 56 
54 27 24 28 63 82 77 73 45 27 44 58 36 58 72 13 79 24 31 57 100 77 14 87 65 18 62 49 5 45 44 63 91 65 36 35 65 97 13 43 58 60 66 53 20 78 87 57 38 75 48 23 29 98 59 79 41 63 56 78 85 90 16 79 82 48 96 24 94 45 
34 50 87 25 38 12 59 83 76 3 52 57 55 100 43 17 73 56 21 92 67 17 49 87 91 60 33 86 3 26 6 17 72 16 30 72 1 99 6 71 66 35 20 9 86 54 62 16 47 52 81 77 6 83 75 51 63 84 8 85 40 64 81 75 13 27 64 56 33 83 
9 4 100 40 37 61 41 7 70 58 68 97 54 28 14 49 64 30 78 48 79 27 81 82 44 82 46 29 39 3 79 97 23 79 41 87 9 9 56 11 2 77 79 68 34 82 32 54 83 20 35 47 9 48 96 13 46 55 89 47 17 11 11 32 97 85 51 69 2 76 
31 91 47 60 65 43 23 97 17 15 8 73 57 31 9 37 90 4 96 37 68 40 67 94 31 31 6 13 3 88 7 80 76 15 82 51 81 59 100 61 50 67 25 64 14 13 2 46 54 11 9 54 43 16 74 90 84 20 37 92 32 16 71 18 28 55 46 60 73 37 
46 100 46 97 90 98 77 62 88 80 74 78 77 84 83 2 68 67 54 51 77 80 8 57 30 18 20 98 52 3 49 1 68 59 93 56 99 49 69 34 18 16 32 76 4 33 8 98 73 63 21 38 60 67 82 24 35 72 13 8 84 57 4 100 63 87 20 13 98 62 
10 36 75 63 6 58 41 91 7 60 63 5 5 86 19 81 99 55 99 70 64 71 48 14 71 62 12 100 20 53 49 93 86 75 54 90 81 42 26 39 64 48 18 84 47 90 88 71 73 86 13 87 18 49 80 20 84 53 79 90 8 9 100 87 37 72 17 29 17 63 
82 34 84 74 39 94 3 49 62 34 42 21 12 31 48 29 29 44 40 79 79 26 90 64 75 56 21 28 75 77 5 76 24 42 12 64 37 59 52 30 49 16 97 60 64 62 87 71 81 42 49 62 79 41 55 14 40 23 40 51 32 56 19 47 55 33 63 53 98 69 
44 39 58 43 1 94 55 23 77 20 80 75 19 52 3 61 75 77 21 61 34 12 67 38 27 59 88 83 34 63 62 12 94 72 75 4 39 66 58 39 92 20 14 54 76 93 2 39 18 98 97 44 59 79 58 56 72 23 45 5 88 49 26 96 19 38 95 39 72 92 
22 77 57 18 20 81 37 68 58 85 97 92 25 93 58 60 85 72 66 26 83 71 19 99 32 32 76 85 100 64 51 14 33 5 53 81 59 58 74 85 59 41 57 82 92 2 89 38 33 100 62 58 14 20 22 39 58 65 98 13 80 17 34 93 47 11 89 42 92 27 
79 75 52 4 27 26 13 92 59 49 75 7 8 80 67 4 73 74 49 10 68 39 75 25 88 52 83 77 19 30 11 88 74 41 94 6 4 41 23 42 15 23 33 58 1 96 89 51 56 68 65 14 96 35 45 98 39 47 88 19 16 67 24 72 29 28 53 18 39 25 
83 26 85 70 65 17 71 57 89 88 4 72 94 18 4 34 1 48 26 54 38 71 98 41 32 12 95 24 72 39 19 18 17 44 8 73 37 93 51 77 48 86 9 67 48 35 90 57 20 11 49 19 84 95 28 86 24 28 19 22 71 22 20 24 34 66 10 93 47 12 
53 48 25 7 56 89 88 74 58 74 42 57 51 11 29 32 69 6 14 34 12 16 12 45 6 10 19 86 28 48 93 82 9 48 85 75 51 75 17 71 33 38 94 20 46 66 80 68 6 45 63 19 39 19 11 94 64 75 24 19 89 92 95 88 44 41 33 67 54 79 
60 79 89 43 99 13 67 83 42 68 28 71 98 62 87 86 58 56 21 38 16 28 44 94 98 95 14 60 25 30 83 66 64 14 73 42 78 7 99 21 38 59 10 90 11 29 4 21 93 69 21 19 97 20 52 96 10 50 35 57 9 94 80 77 60 24 88 80 16 48 
18 81 2 16 85 50 62 54 30 30 22 91 50 51 68 50 95 34 65 92 49 57 81 94 80 93 16 18 16 74 15 51 16 89 48 58 71 76 40 60 72 51 58 28 97 23 19 65 81 22 71 23 36 86 48 10 66 9 25 21 39 24 95 85 72 11 11 29 99 78 
68 100 59 99 90 99 37 37 19 27 90 38 38 84 99 48 65 41 48 22 60 6 55 22 61 86 14 18 42 36 85 29 87 11 37 40 3 96 83 14 48 8 94 67 97 6 67 96 93 59 65 45 6 74 82 49 73 91 84 67 100 19 40 60 66 31 16 4 31 51 
35 35 65 100 39 24 89 44 8 81 74 70 93 49 6 54 89 16 66 17 65 28 68 24 77 2 56 68 87 45 97 82 78 6 79 35 48 3 54 24 85 32 84 59 48 5 89 92 48 36 61 44 80 93 89 36 34 40 66 19 59 85 32 45 94 79 48 47 32 62 
13 66 23 36 76 100 45 61 38 27 37 12 1 75 18 47 34 95 4 50 67 22 33 34 39 87 41 11 57 30 80 7 16 63 19 42 18 92 54 89 67 90 23 19 16 95 15 88 54 43 40 95 26 73 26 66 43 96 46 78 14 64 14 23 93 14 32 66 28 18 
68 35 86 81 13 92 48 85 69 72 21 4 67 3 93 34 93 70 34 31 23 46 95 51 85 51 51 30 93 91 54 15 79 1 57 56 51 81 46 55 81 55 54 88 72 47 16 49 86 40 77 66 34 45 35 6 47 54 90 76 39 10 39 37 87 89 12 2 52 1 
9 98 20 67 74 71 88 72 100 98 83 39 5 86 80 12 2 43 29 97 21 93 72 43 75 96 87 63 90 19 23 98 67 5 29 46 50 87 12 26 78 27 34 56 93 98 92 83 18 31 12 20 72 72 25 60 60 59 34 28 64 58 48 2 38 9 83 31 62 99 
78 36 93 7 64 31 58 61 5 52 40 52 23 17 99 46 44 4 46 63 43 48 1 67 33 39 68 9 50 13 11 5 27 16 87 24 28 47 61 59 66 89 67 43 50 32 87 60 84 4 17 34 1 39 49 67 1 22 4 35 56 80 22 94 88 71 30 42 22 20 
80 65 73 94 11 13 45 2 78 61 52 97 79 82 26 98 94 71 64 42 48 58 92 75 15 81 73 1 1 77 91 95 58 33 36 43 18 22 99 12 53 77 49 68 87 25 63 87 96 58 35 41 96 32 98 87 23 27 20 26 62 49 34 38 77 8 29 24 65 53 
22 29 81 18 18 45 15 16 42 60 50 21 27 23 35 71 4 93 41 26 29 31 44 16 69 39 90 93 75 94 23 86 75 13 8 22 14 77 9 18 88 91 83 51 24 93 58 85 39 15 85 66 70 13 53 36 100 85 28 78 39 70 41 88 17 18 23 69 56 14 
83 64 87 19 87 44 30 70 69 72 7 43 47 37 42 89 96 86 26 59 69 85 22 8 1 72 48 86 9 28 64 100 29 19 78 28 23 68 98 71 27 64 7 47 3 51 40 11 48 80 73 43 78 34 58 16 66 34 85 38 76 44 15 78 42 39 87 64 86 23 
35 30 66 30 17 16 34 44 70 33 81 37 37 93 73 87 27 63 48 13 5 4 15 13 87 22 63 54 14 18 16 34 57 27 47 2 4 46 41 42 60 57 97 58 18 60 20 91 13 52 18 1 29 29 78 78 59 52 5 85 4 69 22 21 96 53 73 59 82 94 
51 67 15 25 60 49 60 95 25 15 13 32 55 24 40 84 5 60 68 96 25 66 61 26 97 9 63 29 33 9 8 43 30 27 76 41 10 15 95 19 75 15 64 49 94 90 27 12 73 87 59 71 6 19 66 61 25 91 84 61 62 73 80 40 84 86 39 43 87 37 
34 33 35 30 47 52 99 38 62 40 65 14 72 68 94 91 8 23 92 42 75 19 58 95 54 18 25 6 60 59 35 12 92 78 10 20 70 7 18 13 94 28 74 67 25 36 21 54 73 24 41 30 52 3 49 36 20 14 15 32 83 47 78 10 26 12 14 48 2 49 
78 40 40 51 10 98 99 32 22 45 54 10 67 81 25 90 19 40 30 35 9 67 77 54 44 57 2 2 62 86 3 73 34 68 4 71 11 33 74 90 1 87 21 4 65 14 9 11 92 20 60 84 47 7 72 46 48 69 44 35 74 17 94 83 52 8 3 67 7 13 
74 35 12 29 68 99 51 59 12 88 85 67 2 24 53 22 1 69 100 62 30 82 65 50 6 20 90 35 3 1 87 13 77 72 72 45 67 37 43 33 28 68 69 93 27 27 22 52 52 71 77 43 82 86 72 2 78 23 63 25 85 25 7 27 9 62 66 96 92 72 
84 18 98 7 27 93 44 85 9 60 66 31 59 32 35 46 18 54 50 1 71 22 55 23 39 1 46 80 86 47 84 93 43 68 87 3 29 42 23 64 19 69 22 87 26 90 10 55 98 8 44 93 14 42 87 15 76 73 98 69 42 58 66 65 33 84 73 16 61 77 
64 22 10 89 13 33 48 67 87 45 87 8 96 90 54 8 25 73 51 75 76 27 41 94 28 89 70 2 11 75 85 93 81 55 39 83 7 68 21 93 18 82 84 22 16 24 68 28 82 77 79 36 76 5 37 54 12 41 33 36 48 12 49 82 4 79 41 91 75 54 
91 98 54 94 19 53 53 82 20 94 10 99 100 33 28 75 95 57 78 40 81 94 16 5 79 83 57 70 2 86 23 8 71 63 48 73 98 29 49 71 12 56 79 82 88 1 31 13 8 46 100 57 75 93 96 14 6 93 12 79 76 2 41 100 43 24 94 55 4 1 
56 84 34 43 15 6 62 71 67 59 22 46 26 73 90 86 3 65 88 63 12 74 2 99 90 22 53 21 89 46 25 87 41 85 1 62 83 16 20 67 64 91 90 7 89 53 14 11 43 19 51 16 41 1 9 60 28 19 66 37 41 49 59 90 78 22 40 1 55 18 
77 62 97 68 67 34 33 11 91 90 59 100 50 55 58 4 4 76 89 80 77 16 90 66 75 84 13 7 48 17 35 19 37 57 46 36 57 15 71 86 38 39 77 65 40 9 77 53 35 12 50 30 36 25 60 31 38 55 61 4 23 14 97 45 25 26 41 79 7 42 
65 36 17 86 82 16 55 30 74 7 48 20 45 40 63 60 7 6 55 25 73 33 65 35 42 86 71 59 37 56 44 20 50 3 12 77 49 5 28 37 99 15 61 3 17 8 65 55 16 90 21 67 79 31 42 27 90 76 43 8 71 38 70 68 43 27 80 69 14 100 
